123456789123456789	0.006562756357670222
112233445566778899	0.005742411812961444
123456789987654321	0.004101722723543888
102030405060708090	0.004101722723543888
010203040506070809	0.002461033634126333
987654321123456789	0.0016406890894175555
987654321987654321	0.0016406890894175555
123123456456789789	0.0016406890894175555
000000000000000000	0.0016406890894175555
175448682346519007	0.0008203445447087777
123456789789456123	0.0008203445447087777
123456789147258369	0.0008203445447087777
789456123789456123	0.0008203445447087777
123456789741852963	0.0008203445447087777
789456123321654987	0.0008203445447087777
147258369147258369	0.0008203445447087777
998877665544332211	0.0008203445447087777
789456123123456789	0.0008203445447087777
741852963741852963	0.0008203445447087777
147852369963258741	0.0008203445447087777
147258369123456789	0.0008203445447087777
123654789123654789	0.0008203445447087777
919191090909161616	0.0008203445447087777
913488071914343511	0.0008203445447087777
671164796742141189	0.0008203445447087777
147852147852147852	0.0008203445447087777
147258369963852741	0.0008203445447087777
123654789987456321	0.0008203445447087777
123456123456123456	0.0008203445447087777
123321456654789987	0.0008203445447087777
111222333444555666	0.0008203445447087777
771507277252189666	0.0008203445447087777
963852741963852741	0.0008203445447087777
919141680911025339	0.0008203445447087777
842657139001452021	0.0008203445447087777
789987456654123321	0.0008203445447087777
778899445566112233	0.0008203445447087777
619484143241012032	0.0008203445447087777
555555555555555555	0.0008203445447087777
552883377557729856	0.0008203445447087777
541752509207630314	0.0008203445447087777
472572109206143986	0.0008203445447087777
333387532004040835	0.0008203445447087777
321654987789456123	0.0008203445447087777
268459713143879562	0.0008203445447087777
253119880876568246	0.0008203445447087777
221310809208031989	0.0008203445447087777
213243546576879809	0.0008203445447087777
200512099917280000	0.0008203445447087777
200033200033200033	0.0008203445447087777
199630091017160414	0.0008203445447087777
199019111420136670	0.0008203445447087777
159753456852123789	0.0008203445447087777
159753159753159753	0.0008203445447087777
147258369369258147	0.0008203445447087777
130719920747986587	0.0008203445447087777
124578963571592684	0.0008203445447087777
123456789963852741	0.0008203445447087777
123456789012345678	0.0008203445447087777
121314151617181920	0.0008203445447087777
111215210111215210	0.0008203445447087777
099152495092926210	0.0008203445447087777
099025084409509590	0.0008203445447087777
093095626094482551	0.0008203445447087777
092251537523099752	0.0008203445447087777
092045770302437018	0.0008203445447087777
091989303084377498	0.0008203445447087777
091642865857286457	0.0008203445447087777
088639772098649560	0.0008203445447087777
086970535629041994	0.0008203445447087777
081561775946674632	0.0008203445447087777
070425330841200218	0.0008203445447087777
053550242180532769	0.0008203445447087777
052301070703053108	0.0008203445447087777
051335331060669369	0.0008203445447087777
047356785055299178	0.0008203445447087777
012881728368692478	0.0008203445447087777
012322728625028354	0.0008203445447087777
001354546034525568	0.0008203445447087777
001002003004005006	0.0008203445447087777
092561979029911354	0.0008203445447087777
559107066657465405	0.0008203445447087777
081859417514413636	0.0008203445447087777
120031204120031204	0.0008203445447087777
100000000000000000	0.0008203445447087777
645492918626923489	0.0008203445447087777
070389074719304210	0.0008203445447087777
401447401447401447	0.0008203445447087777
074332153112101986	0.0008203445447087777
150791130272230289	0.0008203445447087777
245010509885150420	0.0008203445447087777
270742875874448398	0.0008203445447087777
151025350843736351	0.0008203445447087777
162347895162347895	0.0008203445447087777
930421109987415383	0.0008203445447087777
287100765518313559	0.0008203445447087777
310110198403155646	0.0008203445447087777
032319900335805098	0.0008203445447087777
541972260711335454	0.0008203445447087777
342501198506190797	0.0008203445447087777
160905040713092435	0.0008203445447087777
511046109287653452	0.0008203445447087777
123456789526322218	0.0008203445447087777
255657509193085721	0.0008203445447087777
112200993344887766	0.0008203445447087777
288230376168612531	0.0008203445447087777
198308170181533536	0.0008203445447087777
053774325754148291	0.0008203445447087777
861123871016910116	0.0008203445447087777
426858296358081192	0.0008203445447087777
966855677966855677	0.0008203445447087777
206522789123456789	0.0008203445447087777
321519042102251734	0.0008203445447087777
353821900221016465	0.0008203445447087777
999999999999999999	0.0008203445447087777
999741234024941938	0.0008203445447087777
998638502832496503	0.0008203445447087777
995511775533885522	0.0008203445447087777
993700600980540432	0.0008203445447087777
989800785090016144	0.0008203445447087777
987654321870911088	0.0008203445447087777
987321654987321654	0.0008203445447087777
986532147986532147	0.0008203445447087777
984577489025713512	0.0008203445447087777
982814752230120555	0.0008203445447087777
980824194318648241	0.0008203445447087777
976947728326361212	0.0008203445447087777
971305373074191129	0.0008203445447087777
969622384969622384	0.0008203445447087777
968987941968358924	0.0008203445447087777
966895279967558730	0.0008203445447087777
966886240913565680	0.0008203445447087777
966850803965603876	0.0008203445447087777
966747778553164308	0.0008203445447087777
965826294961061014	0.0008203445447087777
965782296963195542	0.0008203445447087777
965755895964469382	0.0008203445447087777
964595373965895616	0.0008203445447087777
963852741789456123	0.0008203445447087777
963852741123456789	0.0008203445447087777
960307088467203924	0.0008203445447087777
959873419219920330	0.0008203445447087777
952199596443132007	0.0008203445447087777
951753852258456654	0.0008203445447087777
951357564951357564	0.0008203445447087777
951207510205123789	0.0008203445447087777
942412315103891230	0.0008203445447087777
941110083822686815	0.0008203445447087777
941018021702058060	0.0008203445447087777
941005039852511296	0.0008203445447087777
940913068296389598	0.0008203445447087777
940906020173644067	0.0008203445447087777
940717059132713354	0.0008203445447087777
940620085332335703	0.0008203445447087777
940116086173471258	0.0008203445447087777
936532908936532908	0.0008203445447087777
934715411992216515	0.0008203445447087777
932009409207549480	0.0008203445447087777
931105096595583710	0.0008203445447087777
930807068968764518	0.0008203445447087777
930628002574356702	0.0008203445447087777
930503147645135926	0.0008203445447087777
930324166651234567	0.0008203445447087777
930228067835992317	0.0008203445447087777
930128050614076402	0.0008203445447087777
928183753123456789	0.0008203445447087777
926001297965401875	0.0008203445447087777
923572952923723848	0.0008203445447087777
923130680923202503	0.0008203445447087777
922125482272434503	0.0008203445447087777
921221121702807238	0.0008203445447087777
921119016024176850	0.0008203445447087777
920617558986802604	0.0008203445447087777
920407057342042408	0.0008203445447087777
920225025041337733	0.0008203445447087777
919639885911935125	0.0008203445447087777
919261410919684761	0.0008203445447087777
919032654917714059	0.0008203445447087777
917818568914251153	0.0008203445447087777
917740924225503697	0.0008203445447087777
917049855917049855	0.0008203445447087777
916457344916457344	0.0008203445447087777
915424309184878771	0.0008203445447087777
914422119941422119	0.0008203445447087777
913658878913526033	0.0008203445447087777
913266582696357014	0.0008203445447087777
912401028912401028	0.0008203445447087777
912306326964666172	0.0008203445447087777
910430510970321333	0.0008203445447087777
910210000303961508	0.0008203445447087777
908070605040302010	0.0008203445447087777
907390659011902290	0.0008203445447087777
901028901028901028	0.0008203445447087777
900937809182604360	0.0008203445447087777
900729619263316949	0.0008203445447087777
900607537756435202	0.0008203445447087777
899082598774739877	0.0008203445447087777
898989898989898989	0.0008203445447087777
890222125835121121	0.0008203445447087777
889266215889266215	0.0008203445447087777
888888882488888888	0.0008203445447087777
886679015099358166	0.0008203445447087777
885522996633774411	0.0008203445447087777
881220008914019530	0.0008203445447087777
881016070911900502	0.0008203445447087777
880615671217190281	0.0008203445447087777
876543210876543210	0.0008203445447087777
873982750123380170	0.0008203445447087777
870606025739404662	0.0008203445447087777
868600868600868600	0.0008203445447087777
861863409219295659	0.0008203445447087777
861214556326160060	0.0008203445447087777
861207861207861207	0.0008203445447087777
861028265049019626	0.0008203445447087777
852658109182160995	0.0008203445447087777
850632809283505796	0.0008203445447087777
850547934575395146	0.0008203445447087777
846955231846955231	0.0008203445447087777
842819950814789022	0.0008203445447087777
835403163816682510	0.0008203445447087777
833653120729323472	0.0008203445447087777
830304040740809033	0.0008203445447087777
825487281449001872	0.0008203445447087777
820331105389552294	0.0008203445447087777
817001966506517817	0.0008203445447087777
801726908569878555	0.0008203445447087777
796704303386474155	0.0008203445447087777
789852951753852963	0.0008203445447087777
789852842681475963	0.0008203445447087777
789789456456123123	0.0008203445447087777
789726925347897007	0.0008203445447087777
789527412369874156	0.0008203445447087777
789514753789514753	0.0008203445447087777
789456123741852963	0.0008203445447087777
789456123431055705	0.0008203445447087777
788623414889788623	0.0008203445447087777
787898454565121232	0.0008203445447087777
785820152214881366	0.0008203445447087777
785547628936954829	0.0008203445447087777
777777777777777777	0.0008203445447087777
772211013110599155	0.0008203445447087777
765418938178172341	0.0008203445447087777
761486943624143341	0.0008203445447087777
760954533878257887	0.0008203445447087777
758029409185582781	0.0008203445447087777
753515020859928182	0.0008203445447087777
753503448339685868	0.0008203445447087777
753159753159753159	0.0008203445447087777
749859109208301199	0.0008203445447087777
748548474744444444	0.0008203445447087777
748159263748159263	0.0008203445447087777
741963741963741963	0.0008203445447087777
741852963254520336	0.0008203445447087777
741852963123456789	0.0008203445447087777
741258963369852147	0.0008203445447087777
741085209630120993	0.0008203445447087777
731996491540092094	0.0008203445447087777
731088300381351289	0.0008203445447087777
727223518011993930	0.0008203445447087777
723662287768356229	0.0008203445447087777
716692716692716692	0.0008203445447087777
714640724241714240	0.0008203445447087777
712251977010112801	0.0008203445447087777
696969696969696969	0.0008203445447087777
696239271239221117	0.0008203445447087777
682589788120579120	0.0008203445447087777
675662279635593985	0.0008203445447087777
671175791022407452	0.0008203445447087777
668598555859999558	0.0008203445447087777
666666666666666666	0.0008203445447087777
666546236546021988	0.0008203445447087777
658918100235917158	0.0008203445447087777
654654987987654654	0.0008203445447087777
652301198103170339	0.0008203445447087777
650450950300750200	0.0008203445447087777
650044242630278149	0.0008203445447087777
649667765626280404	0.0008203445447087777
649353271649353271	0.0008203445447087777
649112836913315679	0.0008203445447087777
645904387645587130	0.0008203445447087777
645345980088085170	0.0008203445447087777
633174010412582527	0.0008203445447087777
631613696853535452	0.0008203445447087777
627812162781213031	0.0008203445447087777
627532795569267789	0.0008203445447087777
624931762493833889	0.0008203445447087777
620818881117890105	0.0008203445447087777
620030090772663716	0.0008203445447087777
619926744753214563	0.0008203445447087777
607447737260744773	0.0008203445447087777
606535511654303228	0.0008203445447087777
599495324599495324	0.0008203445447087777
589581766620052005	0.0008203445447087777
589274809183845053	0.0008203445447087777
585341514585341514	0.0008203445447087777
585164467193337915	0.0008203445447087777
584124461498461560	0.0008203445447087777
580175367272782883	0.0008203445447087777
575731090090137575	0.0008203445447087777
567856873465089624	0.0008203445447087777
566584925476095625	0.0008203445447087777
565656656566556565	0.0008203445447087777
564727727465511995	0.0008203445447087777
564308155239643919	0.0008203445447087777
562040126012123456	0.0008203445447087777
558796060905636987	0.0008203445447087777
555862008620086200	0.0008203445447087777
555770533101301962	0.0008203445447087777
554022206658620902	0.0008203445447087777
553950999011131468	0.0008203445447087777
553505100755226496	0.0008203445447087777
552984564158694960	0.0008203445447087777
552702431756736072	0.0008203445447087777
552380224422277390	0.0008203445447087777
552308100452351768	0.0008203445447087777
552211008844332211	0.0008203445447087777
552005996061811157	0.0008203445447087777
552005538254274508	0.0008203445447087777
551824302653117102	0.0008203445447087777
551504725529011995	0.0008203445447087777
551287510257100211	0.0008203445447087777
551256190092776424	0.0008203445447087777
551176260014261026	0.0008203445447087777
551011709251130148	0.0008203445447087777
546582246853122648	0.0008203445447087777
546546213213879879	0.0008203445447087777
546239780448803056	0.0008203445447087777
544735544735544735	0.0008203445447087777
542536481077432272	0.0008203445447087777
540760708122150822	0.0008203445447087777
538254609819801980	0.0008203445447087777
525888885555555555	0.0008203445447087777
523241319871598715	0.0008203445447087777
523200809212867952	0.0008203445447087777
522122199009264810	0.0008203445447087777
517120115312135301	0.0008203445447087777
514245045009061975	0.0008203445447087777
513495209179514262	0.0008203445447087777
512476794512635241	0.0008203445447087777
512463399052032671	0.0008203445447087777
511110038577681101	0.0008203445447087777
511003353699532235	0.0008203445447087777
510495960834948307	0.0008203445447087777
508215869506236609	0.0008203445447087777
506917417603391740	0.0008203445447087777
505813497026191033	0.0008203445447087777
501878005500356725	0.0008203445447087777
501029541215700116	0.0008203445447087777
500109128845491686	0.0008203445447087777
500103198707094426	0.0008203445447087777
497401753205141889	0.0008203445447087777
493505021450702194	0.0008203445447087777
492118580892772035	0.0008203445447087777
491357140857074722	0.0008203445447087777
491340401175153424	0.0008203445447087777
491209980838284396	0.0008203445447087777
491020431491020431	0.0008203445447087777
487212773968431187	0.0008203445447087777
486215318319700499	0.0008203445447087777
486065345796961863	0.0008203445447087777
484542484542484542	0.0008203445447087777
483512003456543210	0.0008203445447087777
482133952995231129	0.0008203445447087777
481347100871790358	0.0008203445447087777
480073740819846249	0.0008203445447087777
475233160841202119	0.0008203445447087777
471405103471405103	0.0008203445447087777
462811360421287883	0.0008203445447087777
462475882344623261	0.0008203445447087777
460430410346043041	0.0008203445447087777
457978305755390213	0.0008203445447087777
457678976487687667	0.0008203445447087777
456391245639781258	0.0008203445447087777
454605793040607410	0.0008203445447087777
454545454545454545	0.0008203445447087777
452728819954528438	0.0008203445447087777
452597759769190341	0.0008203445447087777
451011195451011195	0.0008203445447087777
444444444444444444	0.0008203445447087777
442637262652753464	0.0008203445447087777
442000198505158920	0.0008203445447087777
440350666408408822	0.0008203445447087777
440102198511181824	0.0008203445447087777
436637493177378933	0.0008203445447087777
430258160051902103	0.0008203445447087777
430062209222762659	0.0008203445447087777
427617709186722509	0.0008203445447087777
425998650833658957	0.0008203445447087777
424840424637220318	0.0008203445447087777
422033640105416493	0.0008203445447087777
419928004124016839	0.0008203445447087777
415963241215353500	0.0008203445447087777
414243444546474849	0.0008203445447087777
412445687654211241	0.0008203445447087777
407784592080306816	0.0008203445447087777
407157801301468037	0.0008203445447087777
050104010301020100	0.0008203445447087777
394371300875334901	0.0008203445447087777
389681341000100061	0.0008203445447087777
388989888888888888	0.0008203445447087777
385871925385871925	0.0008203445447087777
382945382945382945	0.0008203445447087777
381699111755991638	0.0008203445447087777
380365655244840919	0.0008203445447087777
378453080221467715	0.0008203445447087777
369738147629525904	0.0008203445447087777
369369369369369369	0.0008203445447087777
367523675265796579	0.0008203445447087777
364438120913946999	0.0008203445447087777
363290320129113978	0.0008203445447087777
360880358998353457	0.0008203445447087777
360517858444246319	0.0008203445447087777
360146590092861227	0.0008203445447087777
357871535249899735	0.0008203445447087777
352336188127727447	0.0008203445447087777
351334693340528958	0.0008203445447087777
350583198601205461	0.0008203445447087777
348018127198821987	0.0008203445447087777
343055390051851071	0.0008203445447087777
342935424614240388	0.0008203445447087777
342435200371111528	0.0008203445447087777
341247433753001722	0.0008203445447087777
341179912315679843	0.0008203445447087777
336699225588114477	0.0008203445447087777
332998819833329988	0.0008203445447087777
332211332211332211	0.0008203445447087777
331473557719910301	0.0008203445447087777
331109960936340922	0.0008203445447087777
321654987321654987	0.0008203445447087777
321654987123456789	0.0008203445447087777
321480104142475721	0.0008203445447087777
321258987789852123	0.0008203445447087777
320382198906226818	0.0008203445447087777
320331601062222963	0.0008203445447087777
315648764719263388	0.0008203445447087777
315556686140298654	0.0008203445447087777
313653543731467107	0.0008203445447087777
312250986235252602	0.0008203445447087777
311705369659669220	0.0008203445447087777
311387772352843746	0.0008203445447087777
311221131027231680	0.0008203445447087777
311118779238737175	0.0008203445447087777
310587310587281207	0.0008203445447087777
310109198911161529	0.0008203445447087777
306187409306187409	0.0008203445447087777
305674771099674032	0.0008203445447087777
305674771088870530	0.0008203445447087777
304923329317988691	0.0008203445447087777
300988270490180388	0.0008203445447087777
300506150379040980	0.0008203445447087777
291025320854479572	0.0008203445447087777
290819990290819990	0.0008203445447087777
287426287426287426	0.0008203445447087777
286481409203983610	0.0008203445447087777
284708001618311633	0.0008203445447087777
282828528282828282	0.0008203445447087777
281407931527185235	0.0008203445447087777
281293221162010104	0.0008203445447087777
281195281195281195	0.0008203445447087777
280925280857695508	0.0008203445447087777
280684231283041201	0.0008203445447087777
280426090853334529	0.0008203445447087777
280125340831273035	0.0008203445447087777
276980754361868670	0.0008203445447087777
271280271280271280	0.0008203445447087777
271278402245959029	0.0008203445447087777
270987501627140204	0.0008203445447087777
270219920748799632	0.0008203445447087777
270219920721488103	0.0008203445447087777
269122909102995973	0.0008203445447087777
268569779680552685	0.0008203445447087777
267474804248134490	0.0008203445447087777
265026320897473227	0.0008203445447087777
261443749343711040	0.0008203445447087777
261297210897111096	0.0008203445447087777
260807110408210408	0.0008203445447087777
260719870726468229	0.0008203445447087777
258581809205352143	0.0008203445447087777
258015909182003210	0.0008203445447087777
255126109215021985	0.0008203445447087777
254519456442723606	0.0008203445447087777
253673782253673782	0.0008203445447087777
253640139323940682	0.0008203445447087777
253108014718922524	0.0008203445447087777
252408014718922531	0.0008203445447087777
252325232523666666	0.0008203445447087777
251561025365411420	0.0008203445447087777
251234263232269457	0.0008203445447087777
251125316251125316	0.0008203445447087777
251107120690411322	0.0008203445447087777
251019890122363191	0.0008203445447087777
250945000002509450	0.0008203445447087777
250893250893250893	0.0008203445447087777
250319970748849308	0.0008203445447087777
250294250294250294	0.0008203445447087777
250225330898898494	0.0008203445447087777
250107239701873501	0.0008203445447087777
246813579159951230	0.0008203445447087777
244713791993010493	0.0008203445447087777
242628085242880344	0.0008203445447087777
242354021044668899	0.0008203445447087777
242252262242252262	0.0008203445447087777
241206241207241208	0.0008203445447087777
241082209123456789	0.0008203445447087777
241019869831543996	0.0008203445447087777
240887261184141203	0.0008203445447087777
240720070748832335	0.0008203445447087777
240687210106101084	0.0008203445447087777
239635128123456789	0.0008203445447087777
236296244486431355	0.0008203445447087777
235623565859597412	0.0008203445447087777
234236895106729669	0.0008203445447087777
233610269845836399	0.0008203445447087777
232925370865715792	0.0008203445447087777
232302524403112002	0.0008203445447087777
231912080112925656	0.0008203445447087777
231821978231821978	0.0008203445447087777
231490056781395644	0.0008203445447087777
231294223424173362	0.0008203445447087777
200520010362882005	0.0008203445447087777
230789453250104070	0.0008203445447087777
230692001253648297	0.0008203445447087777
230625270899105785	0.0008203445447087777
230602198811293228	0.0008203445447087777
230119910833938442	0.0008203445447087777
229171999990981476	0.0008203445447087777
227097403223015649	0.0008203445447087777
224454456247861995	0.0008203445447087777
224426628816824832	0.0008203445447087777
222466223636371451	0.0008203445447087777
222222222222222222	0.0008203445447087777
221632256589041516	0.0008203445447087777
221295151178230273	0.0008203445447087777
221119862007430949	0.0008203445447087777
220719920810808187	0.0008203445447087777
220719910722592660	0.0008203445447087777
220325360831124816	0.0008203445447087777
220232157951354685	0.0008203445447087777
220125350873788797	0.0008203445447087777
219151424219111003	0.0008203445447087777
217560573918854179	0.0008203445447087777
213961619903190454	0.0008203445447087777
213766280852190294	0.0008203445447087777
212852899212852899	0.0008203445447087777
212815212815212815	0.0008203445447087777
212223242526272829	0.0008203445447087777
211233211233211233	0.0008203445447087777
210395210395210395	0.0008203445447087777
210021001800180020	0.0008203445447087777
208652789632147852	0.0008203445447087777
208632002574390721	0.0008203445447087777
207633402049283330	0.0008203445447087777
207295832346761702	0.0008203445447087777
206517642025021990	0.0008203445447087777
203141994203061995	0.0008203445447087777
203029565284111090	0.0008203445447087777
201914031234567890	0.0008203445447087777
201290476795201233	0.0008203445447087777
201091150990230408	0.0008203445447087777
200819931519057767	0.0008203445447087777
200720100776814012	0.0008203445447087777
200710113450447800	0.0008203445447087777
200500612242133652	0.0008203445447087777
200401848441928636	0.0008203445447087777
200386010683240905	0.0008203445447087777
200201192150502007	0.0008203445447087777
200000000007128942	0.0008203445447087777
199414104473178122	0.0008203445447087777
199414007882123789	0.0008203445447087777
199405183157403089	0.0008203445447087777
199212300126237720	0.0008203445447087777
199208907511770415	0.0008203445447087777
199207228344770708	0.0008203445447087777
199206116610418777	0.0008203445447087777
199015052104635106	0.0008203445447087777
199012050411589873	0.0008203445447087777
198936220544746545	0.0008203445447087777
198917028096846156	0.0008203445447087777
198605033832638326	0.0008203445447087777
198503221413230480	0.0008203445447087777
198308170127101465	0.0008203445447087777
197912190103758730	0.0008203445447087777
196819701993199423	0.0008203445447087777
196604151989042777	0.0008203445447087777
195850172201908182	0.0008203445447087777
195078770788548532	0.0008203445447087777
194652534311952111	0.0008203445447087777
193273896206292778	0.0008203445447087777
191949049033817990	0.0008203445447087777
191817161514131211	0.0008203445447087777
191319232526283336	0.0008203445447087777
190927168075033501	0.0008203445447087777
190819661937082416	0.0008203445447087777
190304050505020988	0.0008203445447087777
189824519721471700	0.0008203445447087777
188040383100882037	0.0008203445447087777
187120735009112076	0.0008203445447087777
186541349900844365	0.0008203445447087777
186536833163465995	0.0008203445447087777
186004754998198550	0.0008203445447087777
180880915350456456	0.0008203445447087777
180593180593180593	0.0008203445447087777
180452881603071988	0.0008203445447087777
180419960720821028	0.0008203445447087777
180331180331180331	0.0008203445447087777
180290210292240594	0.0008203445447087777
180052109655480213	0.0008203445447087777
178746208405942325	0.0008203445447087777
178419900185654768	0.0008203445447087777
176666666666666666	0.0008203445447087777
175909270125068224	0.0008203445447087777
175875012175875012	0.0008203445447087777
172931835179539713	0.0008203445447087777
172772941210021977	0.0008203445447087777
172620824172620824	0.0008203445447087777
172030007174624119	0.0008203445447087777
171927475373841320	0.0008203445447087777
171819141516171819	0.0008203445447087777
171611089528422342	0.0008203445447087777
171292180590030907	0.0008203445447087777
171219880124638458	0.0008203445447087777
171207434162781983	0.0008203445447087777
171018471814018417	0.0008203445447087777
170482270981190804	0.0008203445447087777
170219947530742007	0.0008203445447087777
170219900833402233	0.0008203445447087777
170125380838198233	0.0008203445447087777
167943258951753456	0.0008203445447087777
167813330876252381	0.0008203445447087777
163128172171089227	0.0008203445447087777
162669166690315431	0.0008203445447087777
160819910858820975	0.0008203445447087777
159753258456852852	0.0008203445447087777
159753258456159753	0.0008203445447087777
159199941220062013	0.0008203445447087777
157359258751953852	0.0008203445447087777
155555555555051989	0.0008203445447087777
155146606871345795	0.0008203445447087777
154990021528507634	0.0008203445447087777
154267123155221758	0.0008203445447087777
153990043998130925	0.0008203445447087777
153243247202012007	0.0008203445447087777
152412521445424411	0.0008203445447087777
152323198408026215	0.0008203445447087777
152005246521033566	0.0008203445447087777
151726020710017020	0.0008203445447087777
151214151214151214	0.0008203445447087777
151025340897116808	0.0008203445447087777
150990106459123897	0.0008203445447087777
150836010836251236	0.0008203445447087777
150425320879339112	0.0008203445447087777
150080040020010050	0.0008203445447087777
147987147987147987	0.0008203445447087777
147896325523698741	0.0008203445447087777
147852369741258963	0.0008203445447087777
147741258852369963	0.0008203445447087777
147596385231478953	0.0008203445447087777
147258369789456123	0.0008203445447087777
147159123147159123	0.0008203445447087777
147147147147147147	0.0008203445447087777
147100007977851234	0.0008203445447087777
145236987145236987	0.0008203445447087777
145100017086606827	0.0008203445447087777
144198754746025625	0.0008203445447087777
143569897143569897	0.0008203445447087777
143525697896357159	0.0008203445447087777
143342143342143342	0.0008203445447087777
142539101321021992	0.0008203445447087777
141425253636142536	0.0008203445447087777
141293199321376855	0.0008203445447087777
141188031206250389	0.0008203445447087777
140804030907959701	0.0008203445447087777
140519900834955968	0.0008203445447087777
140319890726069841	0.0008203445447087777
138307890024502708	0.0008203445447087777
137954682137954682	0.0008203445447087777
136128890657837088	0.0008203445447087777
134743125374025345	0.0008203445447087777
134679852134679852	0.0008203445447087777
132465798132465798	0.0008203445447087777
132435465768798910	0.0008203445447087777
132290132290132290	0.0008203445447087777
132222222222222222	0.0008203445447087777
132132465465798798	0.0008203445447087777
131778131778131778	0.0008203445447087777
131487031720735545	0.0008203445447087777
131313191919232323	0.0008203445447087777
131197324862951753	0.0008203445447087777
131006150492191191	0.0008203445447087777
130990114745521932	0.0008203445447087777
130707581010010110	0.0008203445447087777
130419930815405101	0.0008203445447087777
130212122268235118	0.0008203445447087777
130185850874252619	0.0008203445447087777
130172011241350703	0.0008203445447087777
130137060634160136	0.0008203445447087777
128092966129932701	0.0008203445447087777
126990019016135579	0.0008203445447087777
126620353520122533	0.0008203445447087777
125991185568191814	0.0008203445447087777
125879463147596328	0.0008203445447087777
124578963579512468	0.0008203445447087777
124578369369875421	0.0008203445447087777
124565678963216546	0.0008203445447087777
124554211357997531	0.0008203445447087777
123698745547896321	0.0008203445447087777
123654789123456789	0.0008203445447087777
123456968574635241	0.0008203445447087777
123456789997654321	0.0008203445447087777
123456789987653210	0.0008203445447087777
123456789987456321	0.0008203445447087777
123456789987456123	0.0008203445447087777
123456789917310084	0.0008203445447087777
123456789897564321	0.0008203445447087777
123456789753951456	0.0008203445447087777
123456789501123240	0.0008203445447087777
123456789456152542	0.0008203445447087777
123456789123456879	0.0008203445447087777
123456789101213100	0.0008203445447087777
123456789101112131	0.0008203445447087777
123456789098765432	0.0008203445447087777
123456789087654321	0.0008203445447087777
123456789010111213	0.0008203445447087777
123456789000000000	0.0008203445447087777
123456132345489798	0.0008203445447087777
123456000123456000	0.0008203445447087777
123412340895664601	0.0008203445447087777
123408730353223830	0.0008203445447087777
123123123789456123	0.0008203445447087777
123123055123123055	0.0008203445447087777
123019910740137491	0.0008203445447087777
122706301520191711	0.0008203445447087777
122366122366122366	0.0008203445447087777
122082121385092005	0.0008203445447087777
121692113093121205	0.0008203445447087777
121584151920190683	0.0008203445447087777
121514121514121514	0.0008203445447087777
121321011122334455	0.0008203445447087777
121268080767121268	0.0008203445447087777
121235678936621893	0.0008203445447087777
121212222222222222	0.0008203445447087777
121208083636131131	0.0008203445447087777
120834050534060632	0.0008203445447087777
120619896974626419	0.0008203445447087777
120187082589222702	0.0008203445447087777
117951179548844884	0.0008203445447087777
114622919506780495	0.0008203445447087777
113065981531233570	0.0008203445447087777
113063940316727588	0.0008203445447087777
112949177023744902	0.0008203445447087777
112604112604112604	0.0008203445447087777
112589632145698702	0.0008203445447087777
112505112605123005	0.0008203445447087777
112233669988774455	0.0008203445447087777
112233665544778899	0.0008203445447087777
112211122112211122	0.0008203445447087777
112024261315181804	0.0008203445447087777
111625111625111625	0.0008203445447087777
111324250022900229	0.0008203445447087777
111276385127051991	0.0008203445447087777
111225350851855572	0.0008203445447087777
111222333666111999	0.0008203445447087777
111213141516171819	0.0008203445447087777
111111111111111111	0.0008203445447087777
110919910746518780	0.0008203445447087777
110688170606260488	0.0008203445447087777
110593110593110593	0.0008203445447087777
110320080107912998	0.0008203445447087777
110040065890627790	0.0008203445447087777
108526971708121988	0.0008203445447087777
104673423005300690	0.0008203445447087777
103266050212152968	0.0008203445447087777
102938475647382910	0.0008203445447087777
102927417408054203	0.0008203445447087777
102691083090103191	0.0008203445447087777
102690318519796906	0.0008203445447087777
102573458785108161	0.0008203445447087777
102401544374614557	0.0008203445447087777
102212136261464123	0.0008203445447087777
102024102024102024	0.0008203445447087777
102017092922012715	0.0008203445447087777
101918171615141312	0.0008203445447087777
101704030309818896	0.0008203445447087777
101540435004081965	0.0008203445447087777
101225310101225310	0.0008203445447087777
101213141516171819	0.0008203445447087777
101022019728242164	0.0008203445447087777
100519972008100114	0.0008203445447087777
100279081786010707	0.0008203445447087777
100200300400500600	0.0008203445447087777
099462848085709072	0.0008203445447087777
099353359091580545	0.0008203445447087777
099195920065161542	0.0008203445447087777
098765432234567890	0.0008203445447087777
098765432121172008	0.0008203445447087777
098588888505220688	0.0008203445447087777
098363507098328833	0.0008203445447087777
097776307014840213	0.0008203445447087777
097774551019424388	0.0008203445447087777
097343909092362134	0.0008203445447087777
096526079705612354	0.0008203445447087777
096342649061865167	0.0008203445447087777
096166175096166175	0.0008203445447087777
095367570126011721	0.0008203445447087777
094974067094974067	0.0008203445447087777
094635793485507899	0.0008203445447087777
093344068093344068	0.0008203445447087777
092929359092929359	0.0008203445447087777
092908895598809290	0.0008203445447087777
092828782238892219	0.0008203445447087777
092780897704130495	0.0008203445447087777
092770295092770295	0.0008203445447087777
092752809163453100	0.0008203445447087777
092731062704450695	0.0008203445447087777
092710773094770696	0.0008203445447087777
092696972702353641	0.0008203445447087777
092625227129112005	0.0008203445447087777
092199527694155041	0.0008203445447087777
092197609166449764	0.0008203445447087777
092192829708281377	0.0008203445447087777
092188729842697546	0.0008203445447087777
092184732725252525	0.0008203445447087777
092183439535121459	0.0008203445447087777
092157976314687376	0.0008203445447087777
092155530748056559	0.0008203445447087777
092131419744501256	0.0008203445447087777
092128679525232008	0.0008203445447087777
092066190983427038	0.0008203445447087777
092057078349472187	0.0008203445447087777
092055735744040789	0.0008203445447087777
092052555555554785	0.0008203445447087777
092051485194701382	0.0008203445447087777
092036005582513869	0.0008203445447087777
092035822119017825	0.0008203445447087777
092035454822779984	0.0008203445447087777
092024173889973647	0.0008203445447087777
091987041596428647	0.0008203445447087777
091983469784301786	0.0008203445447087777
091977827157248956	0.0008203445447087777
091977274872314890	0.0008203445447087777
091965792806400089	0.0008203445447087777
091963164796277844	0.0008203445447087777
091941995402368940	0.0008203445447087777
091936256149514782	0.0008203445447087777
091933239399705200	0.0008203445447087777
091930550365631369	0.0008203445447087777
091921696373645210	0.0008203445447087777
091863405185497308	0.0008203445447087777
091853988604314180	0.0008203445447087777
091852445251430820	0.0008203445447087777
091850876798310940	0.0008203445447087777
091841526767507106	0.0008203445447087777
091838929091838929	0.0008203445447087777
091828493563428796	0.0008203445447087777
091826202667455227	0.0008203445447087777
091799498492810746	0.0008203445447087777
091778796777233396	0.0008203445447087777
091739478302325478	0.0008203445447087777
091739091475731007	0.0008203445447087777
091724426975250546	0.0008203445447087777
091724266605558899	0.0008203445447087777
091685100319923857	0.0008203445447087777
091652649041103265	0.0008203445447087777
091630219854723204	0.0008203445447087777
091553160605254143	0.0008203445447087777
091542207877804530	0.0008203445447087777
091532874224158282	0.0008203445447087777
091396071390042470	0.0008203445447087777
091295100197963610	0.0008203445447087777
091225340879920624	0.0008203445447087777
091120021103212004	0.0008203445447087777
091063895537892468	0.0008203445447087777
091041698230121990	0.0008203445447087777
090912524351252435	0.0008203445447087777
090819830840385274	0.0008203445447087777
090692239090692239	0.0008203445447087777
090676090676090676	0.0008203445447087777
090650871792736232	0.0008203445447087777
090644595248766985	0.0008203445447087777
090511103110061502	0.0008203445447087777
090430616094314753	0.0008203445447087777
090176258090176258	0.0008203445447087777
089993569719072534	0.0008203445447087777
089852941920072530	0.0008203445447087777
089806216801032535	0.0008203445447087777
089310061991555044	0.0008203445447087777
089190248014271429	0.0008203445447087777
087940829803092536	0.0008203445447087777
087908640308082525	0.0008203445447087777
087804113208780411	0.0008203445447087777
087504522415102563	0.0008203445447087777
087330152087334428	0.0008203445447087777
087191151751182036	0.0008203445447087777
087190100247180049	0.0008203445447087777
087157954018102537	0.0008203445447087777
087063440606092533	0.0008203445447087777
086922668505032527	0.0008203445447087777
086855495605052532	0.0008203445447087777
086835602796301475	0.0008203445447087777
086779759414891267	0.0008203445447087777
086736104154543211	0.0008203445447087777
086689853820092531	0.0008203445447087777
086642150802122525	0.0008203445447087777
086215851848590728	0.0008203445447087777
086153098204062300	0.0008203445447087777
086126359085032981	0.0008203445447087777
085726638503062007	0.0008203445447087777
085706919949161541	0.0008203445447087777
085250969644123456	0.0008203445447087777
085123740157328715	0.0008203445447087777
085005964617012532	0.0008203445447087777
084886415148134776	0.0008203445447087777
084617320308012535	0.0008203445447087777
084604977095796960	0.0008203445447087777
084420354631012535	0.0008203445447087777
084371794121122533	0.0008203445447087777
084163559019891993	0.0008203445447087777
084063245549562011	0.0008203445447087777
083963111201063812	0.0008203445447087777
083921100519062538	0.0008203445447087777
083843666828052530	0.0008203445447087777
083562084508356208	0.0008203445447087777
083487491808663779	0.0008203445447087777
083473792113092536	0.0008203445447087777
083426207817022536	0.0008203445447087777
083207003828122535	0.0008203445447087777
083206640618052532	0.0008203445447087777
082310837629041008	0.0008203445447087777
081287040185250506	0.0008203445447087777
081284393825282499	0.0008203445447087777
081131499425221979	0.0008203445447087777
081094055401072530	0.0008203445447087777
081051581875289371	0.0008203445447087777
080970156618102536	0.0008203445447087777
080609446827101992	0.0008203445447087777
080420146605122535	0.0008203445447087777
080265359619062538	0.0008203445447087777
080133545028102539	0.0008203445447087777
079753308068410149	0.0008203445447087777
079692297463712123	0.0008203445447087777
079612356841215594	0.0008203445447087777
079031506547710172	0.0008203445447087777
078949023345251070	0.0008203445447087777
078200092123456789	0.0008203445447087777
076761582076761582	0.0008203445447087777
076525313075847501	0.0008203445447087777
075271696075271655	0.0008203445447087777
074987173819930216	0.0008203445447087777
074979300309433105	0.0008203445447087777
074931740921051989	0.0008203445447087777
074806419124091991	0.0008203445447087777
074687296819901202	0.0008203445447087777
074623850726462385	0.0008203445447087777
074556826118011993	0.0008203445447087777
074366518074366518	0.0008203445447087777
074283133224051989	0.0008203445447087777
074246697074582239	0.0008203445447087777
074114852630071990	0.0008203445447087777
074095448521071988	0.0008203445447087777
073932729065979207	0.0008203445447087777
073237073237073237	0.0008203445447087777
073175304002111990	0.0008203445447087777
073005039055287529	0.0008203445447087777
072880656318051992	0.0008203445447087777
072691879730031985	0.0008203445447087777
072486563229011989	0.0008203445447087777
072152091719940721	0.0008203445447087777
072095690919031994	0.0008203445447087777
072072169721011989	0.0008203445447087777
072023632517011992	0.0008203445447087777
071910200054613759	0.0008203445447087777
071554447075506053	0.0008203445447087777
071204612068664877	0.0008203445447087777
071187010505010281	0.0008203445447087777
070825320856633150	0.0008203445447087777
070809040506010203	0.0008203445447087777
070661418032318629	0.0008203445447087777
070592051190100591	0.0008203445447087777
070574376079894616	0.0008203445447087777
070488240790222427	0.0008203445447087777
070449591071772865	0.0008203445447087777
070401080502090603	0.0008203445447087777
069691103068681199	0.0008203445447087777
068859209097810395	0.0008203445447087777
068663119064245951	0.0008203445447087777
068183145036093154	0.0008203445447087777
067671091032358102	0.0008203445447087777
067594340040823758	0.0008203445447087777
067226028611091980	0.0008203445447087777
067092084719931214	0.0008203445447087777
066852487092681801	0.0008203445447087777
066092889071314617	0.0008203445447087777
065828242062489486	0.0008203445447087777
065669200058926642	0.0008203445447087777
065359534065152250	0.0008203445447087777
065091463098951814	0.0008203445447087777
063736496605141983	0.0008203445447087777
063118342070487541	0.0008203445447087777
062459720658463030	0.0008203445447087777
061902612061902612	0.0008203445447087777
061860377061860377	0.0008203445447087777
061145105061869188	0.0008203445447087777
061125300892402328	0.0008203445447087777
061069122025736076	0.0008203445447087777
060925391253383513	0.0008203445447087777
060887101007230382	0.0008203445447087777
060799979060799979	0.0008203445447087777
060710060710060710	0.0008203445447087777
060355090060355090	0.0008203445447087777
060189060189060189	0.0008203445447087777
060169825060169825	0.0008203445447087777
060070323123456789	0.0008203445447087777
058691340071754758	0.0008203445447087777
057241995599142750	0.0008203445447087777
057111853048105233	0.0008203445447087777
056697323056697323	0.0008203445447087777
056654110123456789	0.0008203445447087777
056339186056339186	0.0008203445447087777
055822030055454043	0.0008203445447087777
055516935062116058	0.0008203445447087777
054692703243934988	0.0008203445447087777
054685332393658728	0.0008203445447087777
054495479083155543	0.0008203445447087777
054386484334338535	0.0008203445447087777
053983033065878304	0.0008203445447087777
053957263092630250	0.0008203445447087777
053889011861141986	0.0008203445447087777
053697300653172847	0.0008203445447087777
053353921053353921	0.0008203445447087777
053240158053240158	0.0008203445447087777
053007091685102388	0.0008203445447087777
052469356130464511	0.0008203445447087777
051945996033050536	0.0008203445447087777
051812582051455591	0.0008203445447087777
051782012482111099	0.0008203445447087777
051688197911171623	0.0008203445447087777
051469939069827176	0.0008203445447087777
051440903040155885	0.0008203445447087777
050491200060850814	0.0008203445447087777
050380264050380264	0.0008203445447087777
050221386147258369	0.0008203445447087777
049862768091090204	0.0008203445447087777
049800141062242279	0.0008203445447087777
049519419055449169	0.0008203445447087777
049145861090448877	0.0008203445447087777
048429674071563065	0.0008203445447087777
046688411066221301	0.0008203445447087777
045675123045675123	0.0008203445447087777
045631070456310753	0.0008203445447087777
045617985045633345	0.0008203445447087777
044691210007181984	0.0008203445447087777
044536357044599586	0.0008203445447087777
044470055044262454	0.0008203445447087777
044334622070924105	0.0008203445447087777
043370180043370234	0.0008203445447087777
043330170043330170	0.0008203445447087777
043286028021911005	0.0008203445447087777
042474320242632549	0.0008203445447087777
042460397466087985	0.0008203445447087777
042441946424856890	0.0008203445447087777
042036337042036337	0.0008203445447087777
041840611075324548	0.0008203445447087777
041770901041770901	0.0008203445447087777
041692324049489929	0.0008203445447087777
041640835320416011	0.0008203445447087777
041609087192973157	0.0008203445447087777
041579250011932470	0.0008203445447087777
041490820520412590	0.0008203445447087777
041479134417990209	0.0008203445447087777
041478236951344380	0.0008203445447087777
041419769865777825	0.0008203445447087777
041401528962336914	0.0008203445447087777
041391022407102991	0.0008203445447087777
041005061189241090	0.0008203445447087777
040803038915012008	0.0008203445447087777
040770403118313193	0.0008203445447087777
040419930751235274	0.0008203445447087777
040409131717319991	0.0008203445447087777
040299214674923037	0.0008203445447087777
038754232123456789	0.0008203445447087777
036427579078132513	0.0008203445447087777
035222864036379629	0.0008203445447087777
035214802035214802	0.0008203445447087777
034849298051518098	0.0008203445447087777
033580681408021992	0.0008203445447087777
033246469703475500	0.0008203445447087777
033101787033101787	0.0008203445447087777
032540227032540227	0.0008203445447087777
032406080807110908	0.0008203445447087777
032154991031353656	0.0008203445447087777
032102278048174641	0.0008203445447087777
031642704056326408	0.0008203445447087777
031398102300120307	0.0008203445447087777
031332931031332931	0.0008203445447087777
300875020281210171	0.0008203445447087777
030319897404493335	0.0008203445447087777
030038113867806795	0.0008203445447087777
029935699084160404	0.0008203445447087777
029883146641388920	0.0008203445447087777
029793311029255637	0.0008203445447087777
029581002091090923	0.0008203445447087777
029500635029501940	0.0008203445447087777
029077604013888644	0.0008203445447087777
028930168024512945	0.0008203445447087777
028695102509915453	0.0008203445447087777
028176219028176219	0.0008203445447087777
028048239028113579	0.0008203445447087777
027663303027664488	0.0008203445447087777
025190753047023979	0.0008203445447087777
025177439886673719	0.0008203445447087777
025020134025024231	0.0008203445447087777
024749686123456789	0.0008203445447087777
024641128024641129	0.0008203445447087777
024630394092428215	0.0008203445447087777
024495080024495080	0.0008203445447087777
023513454602415814	0.0008203445447087777
023440059023440059	0.0008203445447087777
023241552603061990	0.0008203445447087777
023052154205676622	0.0008203445447087777
022220092022220092	0.0008203445447087777
021890082993120396	0.0008203445447087777
021719853394023541	0.0008203445447087777
021297036081842762	0.0008203445447087777
021243346475119260	0.0008203445447087777
021225360805179603	0.0008203445447087777
020787957505051986	0.0008203445447087777
020510111317252728	0.0008203445447087777
020494020494020494	0.0008203445447087777
019741647019741647	0.0008203445447087777
019582575019582575	0.0008203445447087777
019214132548371870	0.0008203445447087777
019181716151413121	0.0008203445447087777
018174375018570252	0.0008203445447087777
017306666017713371	0.0008203445447087777
017229392302031992	0.0008203445447087777
016909348831031990	0.0008203445447087777
016326650092883592	0.0008203445447087777
016077651013477251	0.0008203445447087777
016006819016006819	0.0008203445447087777
015914384053888996	0.0008203445447087777
015837761022782476	0.0008203445447087777
014152614235604393	0.0008203445447087777
013874340091525773	0.0008203445447087777
013501091952980135	0.0008203445447087777
013019244059204775	0.0008203445447087777
012967599056228360	0.0008203445447087777
012951478963214838	0.0008203445447087777
012625653420010762	0.0008203445447087777
012534249727583871	0.0008203445447087777
012458554090275321	0.0008203445447087777
012367598983976358	0.0008203445447087777
012345678987654321	0.0008203445447087777
012345678921377104	0.0008203445447087777
012345678919699894	0.0008203445447087777
012345678910111213	0.0008203445447087777
012336732333554411	0.0008203445447087777
012004139260564700	0.0008203445447087777
011419684123698745	0.0008203445447087777
011029019908465731	0.0008203445447087777
011000111011000111	0.0008203445447087777
010998374742225052	0.0008203445447087777
010925230815966512	0.0008203445447087777
010832578229719171	0.0008203445447087777
010825330841386638	0.0008203445447087777
010769645045466270	0.0008203445447087777
010757186319901029	0.0008203445447087777
010718094902547161	0.0008203445447087777
010646769068680554	0.0008203445447087777
010607190285091283	0.0008203445447087777
010475826615963258	0.0008203445447087777
010425280860774191	0.0008203445447087777
010403688010403688	0.0008203445447087777
010310029049879225	0.0008203445447087777
010203010203010203	0.0008203445447087777
010203000000040506	0.0008203445447087777
010202182722121992	0.0008203445447087777
010150587125529916	0.0008203445447087777
010128261232211583	0.0008203445447087777
010123897365395549	0.0008203445447087777
010035303654154700	0.0008203445447087777
010012013014015016	0.0008203445447087777
007242750839787985	0.0008203445447087777
007009113325422730	0.0008203445447087777
006655885544664455	0.0008203445447087777
003932077638923146	0.0008203445447087777
001915550858951503	0.0008203445447087777
001575628593470053	0.0008203445447087777
001459001459001459	0.0008203445447087777
001122335544778899	0.0008203445447087777
001078584827755454	0.0008203445447087777
812978804123456789	0.0008203445447087777
147076153122707515	0.0008203445447087777
