111111111111111111111	0.016304347826086956
000000000000000000000	0.010869565217391304
123456789101112131415	0.005434782608695652
102030405060708090100	0.005434782608695652
999999999999999999999	0.005434782608695652
984125849428475290859	0.005434782608695652
589252658925265892526	0.005434782608695652
490250508817948561283	0.005434782608695652
208080020831672083058	0.005434782608695652
123456789123456789123	0.005434782608695652
982714241411119957609	0.005434782608695652
253172523443372520779	0.005434782608695652
309198630919863901808	0.005434782608695652
177359335907530123904	0.005434782608695652
987412800224656227599	0.005434782608695652
252549300393297209199	0.005434782608695652
298785965510384920157	0.005434782608695652
992563458379128677184	0.005434782608695652
987114083098918881690	0.005434782608695652
985686894381851979245	0.005434782608695652
982409019111312329592	0.005434782608695652
951323194473369522117	0.005434782608695652
928789092878909287890	0.005434782608695652
923898257912953617222	0.005434782608695652
921108764933167895472	0.005434782608695652
920818631073138479236	0.005434782608695652
901103102988405923900	0.005434782608695652
893767762615891336562	0.005434782608695652
880626331690575525264	0.005434782608695652
880209678241110471217	0.005434782608695652
861001528371036603138	0.005434782608695652
852461285246128524612	0.005434782608695652
850821361641075651810	0.005434782608695652
833086784318764580983	0.005434782608695652
822399182239918223991	0.005434782608695652
777777777777777777777	0.005434782608695652
774867777486779365986	0.005434782608695652
774185628259702832906	0.005434782608695652
751075075144277512389	0.005434782608695652
723335572333557233355	0.005434782608695652
697745775322940810000	0.005434782608695652
696405865476109028465	0.005434782608695652
675038452946754650972	0.005434782608695652
661051234569133714883	0.005434782608695652
650383665109404387982	0.005434782608695652
636550863342226345524	0.005434782608695652
624481360365412571118	0.005434782608695652
623566920985308340682	0.005434782608695652
623254619926426523728	0.005434782608695652
596148586128591415928	0.005434782608695652
589593414050302911119	0.005434782608695652
562797956249585632935	0.005434782608695652
549666539550225602123	0.005434782608695652
544588420005445884200	0.005434782608695652
541651036510651051602	0.005434782608695652
530975655324904199096	0.005434782608695652
529875369223374356789	0.005434782608695652
506735250030165003016	0.005434782608695652
505676142668165362573	0.005434782608695652
500201050020104287087	0.005434782608695652
499143806915804991438	0.005434782608695652
495225523121275088752	0.005434782608695652
480427410648010211055	0.005434782608695652
473104010014911210388	0.005434782608695652
466985966666666666666	0.005434782608695652
463478046347804634780	0.005434782608695652
462101006226492001022	0.005434782608695652
457260645726064572606	0.005434782608695652
456214945621494562149	0.005434782608695652
445665465465465465465	0.005434782608695652
442755131879285006595	0.005434782608695652
437257252409892543167	0.005434782608695652
431618371077949782770	0.005434782608695652
431152643021889532901	0.005434782608695652
426426190778094250522	0.005434782608695652
425212442211292389723	0.005434782608695652
424602642694284212056	0.005434782608695652
418610961349519526451	0.005434782608695652
414947393753377663020	0.005434782608695652
414792141489136021477	0.005434782608695652
411665370072792989121	0.005434782608695652
408129747459144752450	0.005434782608695652
391561978704731852589	0.005434782608695652
367972025589702331587	0.005434782608695652
367763133413903648733	0.005434782608695652
363170350414895355289	0.005434782608695652
352614685947963852741	0.005434782608695652
352206521543920202425	0.005434782608695652
350317035086863504042	0.005434782608695652
343847398635497621805	0.005434782608695652
343667434196324030642	0.005434782608695652
341527634304635890282	0.005434782608695652
337737119199377372200	0.005434782608695652
336753373397213672005	0.005434782608695652
334218733789293313549	0.005434782608695652
322638132229563238075	0.005434782608695652
321640372254452714486	0.005434782608695652
316861490531688999367	0.005434782608695652
316459259991012960633	0.005434782608695652
314605738093032724823	0.005434782608695652
310088654143263153214	0.005434782608695652
300675622590031762730	0.005434782608695652
298727925863371651988	0.005434782608695652
295905829636135400476	0.005434782608695652
291647329151402914726	0.005434782608695652
287552120875856268208	0.005434782608695652
268132426813242681324	0.005434782608695652
266237253235556493776	0.005434782608695652
259254806061260091393	0.005434782608695652
256510025651002565100	0.005434782608695652
255511939501467316229	0.005434782608695652
254858525479192544772	0.005434782608695652
251500998909214250916	0.005434782608695652
248071622303404496023	0.005434782608695652
246813798522585554679	0.005434782608695652
232132132321323132131	0.005434782608695652
230990105621106051985	0.005434782608695652
227474422848442294944	0.005434782608695652
222222222222222222222	0.005434782608695652
217125921686084410918	0.005434782608695652
211251921125192112519	0.005434782608695652
211038211038543216789	0.005434782608695652
210995021119914108238	0.005434782608695652
201105981563842486733	0.005434782608695652
199326741455414162026	0.005434782608695652
191100708183307101991	0.005434782608695652
178178384309125211206	0.005434782608695652
177392833627083331548	0.005434782608695652
159753456258789456123	0.005434782608695652
159753123456789159753	0.005434782608695652
159357852456321478965	0.005434782608695652
159357815935781593578	0.005434782608695652
150091282191131072011	0.005434782608695652
130200019929718012537	0.005434782608695652
128199213099008293155	0.005434782608695652
123698741236987412369	0.005434782608695652
123456789109876543212	0.005434782608695652
123456789101112131444	0.005434782608695652
123456789100874519624	0.005434782608695652
123456789012345678900	0.005434782608695652
123123123123123123123	0.005434782608695652
119426827985210123024	0.005434782608695652
109363474506572103022	0.005434782608695652
105223275180616018794	0.005434782608695652
104456610442821044566	0.005434782608695652
101219975200123654789	0.005434782608695652
101194225542803770441	0.005434782608695652
098765432138840011175	0.005434782608695652
092837497509184487413	0.005434782608695652
092822725109176517507	0.005434782608695652
092773018701217198705	0.005434782608695652
091941008010601947959	0.005434782608695652
091937617809205306944	0.005434782608695652
091864373030330100011	0.005434782608695652
091831131398426159753	0.005434782608695652
091747263810472246413	0.005434782608695652
090636165819632587410	0.005434782608695652
087759082908790479726	0.005434782608695652
081033290533038381621	0.005434782608695652
074640677807456835677	0.005434782608695652
050401700152001610297	0.005434782608695652
044555686454155815483	0.005434782608695652
044553482556459832292	0.005434782608695652
044553242130754263942	0.005434782608695652
044477179629201121990	0.005434782608695652
031919880017722052005	0.005434782608695652
024213395124751203132	0.005434782608695652
022387293893893893893	0.005434782608695652
021175390602112685849	0.005434782608695652
016308243174712982468	0.005434782608695652
012662026121199285246	0.005434782608695652
012345678907862774024	0.005434782608695652
012240995630124505450	0.005434782608695652
012046408540121818196	0.005434782608695652
011019871200100167132	0.005434782608695652
010319913479602885661	0.005434782608695652
010297747198475636987	0.005434782608695652
010291947856320294825	0.005434782608695652
010102020120108383658	0.005434782608695652
010034383420036361847	0.005434782608695652
003939361739141151987	0.005434782608695652
