9999999999999999999999	0.017857142857142856
5555555555555555555555	0.017857142857142856
0000000000000000000000	0.005952380952380952
1111111111111111111111	0.005952380952380952
0919731753159824655320	0.005952380952380952
1222222222222222222222	0.005952380952380952
1305010203040506070809	0.005952380952380952
2248116553575515246859	0.005952380952380952
1505199007291233304475	0.005952380952380952
0920556984209276351698	0.005952380952380952
2666666666666666666666	0.005952380952380952
9876543211234567888889	0.005952380952380952
9825018080987891171717	0.005952380952380952
9637972356088712600445	0.005952380952380952
9501022769195010227691	0.005952380952380952
9412271028394122710283	0.005952380952380952
9410060853970175186162	0.005952380952380952
9409120756550164906295	0.005952380952380952
9010255005590102550055	0.005952380952380952
9010048546890100465468	0.005952380952380952
9007260358050148139015	0.005952380952380952
8911051456550169003756	0.005952380952380952
8850921437107309312064	0.005952380952380952
8712200654418912125174	0.005952380952380952
8307173378685349071749	0.005952380952380952
8230141978230141978230	0.005952380952380952
8121978102819984222000	0.005952380952380952
8091172313490036564271	0.005952380952380952
7894561230878945612308	0.005952380952380952
7877454874597459632010	0.005952380952380952
7628945139028561037490	0.005952380952380952
6455168683619711047585	0.005952380952380952
6369159301096340279836	0.005952380952380952
5567124055095802921737	0.005952380952380952
5555493472932695554934	0.005952380952380952
5298227789234772550745	0.005952380952380952
5162738495415263748596	0.005952380952380952
4935070509049350705090	0.005952380952380952
4716593025809154667615	0.005952380952380952
4621988462198802121991	0.005952380952380952
4512757919032513152897	0.005952380952380952
4458912181469214684816	0.005952380952380952
3911363145157272814344	0.005952380952380952
3524598352229919930411	0.005952380952380952
3326157591237894566908	0.005952380952380952
3309877472134799082118	0.005952380952380952
2599108373150819089073	0.005952380952380952
2455252254545383575451	0.005952380952380952
2454901532411088122485	0.005952380952380952
2322468500109226805007	0.005952380952380952
2306940745325260230694	0.005952380952380952
2288888888888888888888	0.005952380952380952
2235815923022358159230	0.005952380952380952
2234239300000000000000	0.005952380952380952
2222222222222222222222	0.005952380952380952
2181144151421811441514	0.005952380952380952
2146613721466137220494	0.005952380952380952
2131143247871005658425	0.005952380952380952
2066463336209523612680	0.005952380952380952
2003890742681236200389	0.005952380952380952
2002314686209156871062	0.005952380952380952
1935167453988329361834	0.005952380952380952
1930225020019302250200	0.005952380952380952
1815947667495181852456	0.005952380952380952
1708217198715044123905	0.005952380952380952
1616161616161616161616	0.005952380952380952
1561465456646456465456	0.005952380952380952
1515151515151515151515	0.005952380952380952
1357952468120219949193	0.005952380952380952
1351068619313510686193	0.005952380952380952
1308746714077876478031	0.005952380952380952
1234567891012345678910	0.005952380952380952
1215198126031595693223	0.005952380952380952
1208199412089412081994	0.005952380952380952
1199861199821005252908	0.005952380952380952
1190611922731124061994	0.005952380952380952
1123152134895614043120	0.005952380952380952
1122334455667788991010	0.005952380952380952
1019030763890213633410	0.005952380952380952
0937322431509197104988	0.005952380952380952
0928700978109212243113	0.005952380952380952
0928423530809103107024	0.005952380952380952
0928227251091765172507	0.005952380952380952
0927466243209227687474	0.005952380952380952
0927452746309274527561	0.005952380952380952
0927219346709219635346	0.005952380952380952
0926699906909266999069	0.005952380952380952
0922493972009286346089	0.005952380952380952
0921756781609217300540	0.005952380952380952
0921739977409198452761	0.005952380952380952
0921720234709155323083	0.005952380952380952
0921682411609194739804	0.005952380952380952
0921635547109054682361	0.005952380952380952
0921554265209264064629	0.005952380952380952
0921358761509284464552	0.005952380952380952
0921294159209102744244	0.005952380952380952
0921269069425891251994	0.005952380952380952
0921265612109108210479	0.005952380952380952
0920450406409198494072	0.005952380952380952
0920228304809205025275	0.005952380952380952
0919849407209204504064	0.005952380952380952
0919559457309263263317	0.005952380952380952
0919500868509195827488	0.005952380952380952
0919416902409282764655	0.005952380952380952
0919388726409173765035	0.005952380952380952
0919322957909212945226	0.005952380952380952
0919295633009198662434	0.005952380952380952
0918585386909187844210	0.005952380952380952
0918291308309192370744	0.005952380952380952
0918281080609182810806	0.005952380952380952
0918279138709202936860	0.005952380952380952
0918259929309104063953	0.005952380952380952
0917606730909274185757	0.005952380952380952
0917394625909282259115	0.005952380952380952
0916263268209272195440	0.005952380952380952
0915452156209202511481	0.005952380952380952
0915349288209192110087	0.005952380952380952
0915254764141202031133	0.005952380952380952
0910984884709063209614	0.005952380952380952
0910820162909082997924	0.005952380952380952
0910317496609152049243	0.005952380952380952
0910302326009108914747	0.005952380952380952
0906486257809159115539	0.005952380952380952
0905802604709269205122	0.005952380952380952
0905363261909163910305	0.005952380952380952
0824045785945245261203	0.005952380952380952
0816950539140869350377	0.005952380952380952
0813180005854631641291	0.005952380952380952
0774881214707748812147	0.005952380952380952
0772969671001525758723	0.005952380952380952
0752930251641925341991	0.005952380952380952
0669240101949900069234	0.005952380952380952
0612197750120802285279	0.005952380952380952
0544469862505464262026	0.005952380952380952
0542873780586161930542	0.005952380952380952
0539600388105373170889	0.005952380952380952
0507511139870100669577	0.005952380952380952
0424939478304249394783	0.005952380952380952
0416240252404145243419	0.005952380952380952
0414256467104143893423	0.005952380952380952
0414079685004141367942	0.005952380952380952
0408211973134679159753	0.005952380952380952
0387669685803804328896	0.005952380952380952
0317623108615033823295	0.005952380952380952
0316199617412125689590	0.005952380952380952
0261787674604149637525	0.005952380952380952
0222200504108238790874	0.005952380952380952
0216530370102165303701	0.005952380952380952
0207364285260118756507	0.005952380952380952
0205801948409067818274	0.005952380952380952
0162348974607908040301	0.005952380952380952
0160325009101603250091	0.005952380952380952
0158488134307805580996	0.005952380952380952
0147025803690106329698	0.005952380952380952
0141569590507837470950	0.005952380952380952
0129557194860117065140	0.005952380952380952
0126431848464948462788	0.005952380952380952
0124001238203520000000	0.005952380952380952
0108156833770106633460	0.005952380952380952
0105652366298680141091	0.005952380952380952
0102424260122313325473	0.005952380952380952
0100475642250103564149	0.005952380952380952
0056321079287587981508	0.005952380952380952
0020201064636624129109	0.005952380952380952
