1111111111111111111111111	0.03773584905660377
3333333333333333333333333	0.03773584905660377
2222222222222222222222222	0.018867924528301886
5555555555555555555555555	0.018867924528301886
1233333455554322223211110	0.018867924528301886
0917331637372572755644720	0.018867924528301886
3110555665021305557909296	0.018867924528301886
3604342536002160123343844	0.018867924528301886
9999999999999999999999999	0.018867924528301886
9101040000000000000000000	0.018867924528301886
1995599123456789876543210	0.018867924528301886
9919888567721591988856772	0.018867924528301886
9110185320429555604106303	0.018867924528301886
7895156411717896541239712	0.018867924528301886
7474858596964141525263630	0.018867924528301886
6666666666666666666666666	0.018867924528301886
6121219450703198506272007	0.018867924528301886
6021288012418066020237110	0.018867924528301886
5227544323115509132900255	0.018867924528301886
5096077082891787216743171	0.018867924528301886
4661225397761156402374394	0.018867924528301886
4556655556565645564654453	0.018867924528301886
4312222222222222222222222	0.018867924528301886
3426133514153212893752010	0.018867924528301886
3212333222355321233322321	0.018867924528301886
3126520424950209271101608	0.018867924528301886
2910639867530936850832689	0.018867924528301886
2262008268200885550225666	0.018867924528301886
1968090646346949092471968	0.018867924528301886
1894330627078704161126783	0.018867924528301886
1593572583691470721628991	0.018867924528301886
1311991097288102091017201	0.018867924528301886
1261412013122142019126141	0.018867924528301886
1234567899876543215404105	0.018867924528301886
1234567899876543210357159	0.018867924528301886
1234567891011121314151617	0.018867924528301886
1234554321154535251545678	0.018867924528301886
1114122427284562521232202	0.018867924528301886
1111011010110110110101010	0.018867924528301886
0927325827641878734192484	0.018867924528301886
0925205558141753714195146	0.018867924528301886
0917763723920091963723920	0.018867924528301886
0917731343064015686718775	0.018867924528301886
0808952110923116526370196	0.018867924528301886
0135790000000000000000000	0.018867924528301886
0126452895636375129522520	0.018867924528301886
0126040061360002090290438	0.018867924528301886
0124956325984575359516450	0.018867924528301886
0123456789012345678901234	0.018867924528301886
0096279595937307776145633	0.018867924528301886
0000000000000000000000000	0.018867924528301886
