123	0.13682859909015807
101	0.024016985709426248
143	0.020285475050370254
100	0.018059464935200865
666	0.017107196124387426
007	0.014766240902515335
777	0.010381505612685454
420	0.009937611907939249
111	0.009660996041402668
321	0.00930775010373095
456	0.007491056709990692
001	0.0068509152620935335
333	0.006834094026966309
555	0.006141619847562229
999	0.0060631207503018475
911	0.005954717235037511
789	0.004870682082394147
619	0.004837974125202322
222	0.004687517522119924
121	0.004509025527158819
000	0.004409032629458094
112	0.004374455646141022
888	0.004109988449418546
159	0.003989436264340103
247	0.0038529973571970588
234	0.0038492593049465644
200	0.0038352416090072106
213	0.003793188521189149
786	0.0036791779275490715
125	0.003524983272216179
182	0.003509096550151578
187	0.003361443486257051
147	0.003158654151667732
214	0.003156785125542485
102	0.0028988595202583743
305	0.0027455993779881057
124	0.0026839215158549487
360	0.002630654271285404
212	0.0026138330361581796
411	0.002589535696529966
808	0.002562434817713882
012	0.0025615003046512586
313	0.002535333938897798
311	0.002528792347459433
210	0.0025250542952089386
369	0.0024633764330757816
120	0.0024549658155121694
500	0.002449358737136428
345	0.0024194543191324728
300	0.002398895031754754
316	0.002397026005629507
711	0.0023848773358154
122	0.0023755322051891643
987	0.0023288065520579845
009	0.002300771160179277
444	0.0022774083336136873
520	0.002232551706607755
135	0.0022157304714805304
246	0.0021886295926644463
211	0.0021820880012260813
323	0.002132558808907031
103	0.002066208381460756
215	0.0020624703292102618
008	0.0020540597116466496
113	0.0020288278589558127
117	0.0020166791891417057
225	0.0019858402580751272
510	0.001975560614386268
310	0.0019643464576347847
110	0.0019540668139459254
209	0.0019465907094449366
132	0.001936311065756077
713	0.0019269659351298413
105	0.0018961270040632628
003	0.0018802402819986619
567	0.0018587464815583191
127	0.0018512703770573306
312	0.0018008066716756568
002	0.0017867889757363028
223	0.0017849199496110556
128	0.0017503429662939828
109	0.0017475394271061122
011	0.0017447358879182414
818	0.0017297836789162638
126	0.0017110934176637921
108	0.0017101589046011685
202	0.0016877305910982024
118	0.001674647408221472
104	0.0016671713037204835
831	0.0016550226339063767
115	0.00164287396409227
010	0.001636332372653905
357	0.0016335288334660342
107	0.0016297907812155398
714	0.0016148385722135625
415	0.0016101660069004445
145	0.0016101660069004445
129	0.0015970828240237142
314	0.0015858686672722312
224	0.0015783925627712424
900	0.0015718509713328773
318	0.00156998194520763
114	0.001565309379894512
131	0.0015597023015187707
504	0.0015484881447672876
718	0.0015484881447672876
106	0.0015438155794541696
013	0.0015438155794541696
221	0.0015148456745128383
626	0.0015073695700118497
098	0.0014980244393856138
201	0.0014970899263229902
116	0.0014914828479472486
005	0.0014868102826341306
150	0.0014840067434462598
916	0.0014681200213816589
119	0.0014671855083190353
678	0.0014671855083190353
216	0.0014662509952564117
512	0.0014643819691311645
909	0.0014391501164403276
515	0.0014354120641898332
006	0.0014298049858140916
412	0.001422328881313103
258	0.0014092456984363727
315	0.0013924244633091482
134	0.0013896209241212774
199	0.0013802757934950414
217	0.0013774722543071706
812	0.0013671926106183113
521	0.0013354191664891092
220	0.0013316811142386148
400	0.0013148598791113903
303	0.0013120563399235195
421	0.0013055147484851543
250	0.0012980386439841655
206	0.0012774793566064466
707	0.00126533068679234
317	0.0012643961737297165
218	0.0012400988341015032
413	0.0012344917557257616
410	0.001224212112036902
890	0.0012232775989742784
219	0.0012232775989742784
133	0.001219539546723784
130	0.0012186050336611604
600	0.0012101944160975483
320	0.0012073908769096775
325	0.0011980457462834415
004	0.0011961767201581943
813	0.0011905696417824527
231	0.0011821590242188406
912	0.0011737484066552282
227	0.0011737484066552282
180	0.0011709448674673574
505	0.0011709448674673574
727	0.0011587961976532509
014	0.001144778501713897
513	0.0011363678841502846
423	0.0011316953188371668
324	0.0011298262927119196
205	0.0011139395706473184
805	0.0011073979792089535
156	0.0011073979792089535
963	0.0011045944400210827
511	0.001103659926958459
228	0.0010999218747079647
408	0.0010933802832695995
021	0.0010887077179564815
525	0.001087773204893858
654	0.001087773204893858
612	0.0010859041787686108
254	0.0010821661265181164
151	0.0010793625873302458
809	0.001067213917516139
144	0.0010662794044535154
913	0.0010522617085141617
721	0.0010522617085141617
232	0.0010503926823889145
319	0.0010485236562636673
203	0.0010466546301384201
226	0.0010466546301384201
414	0.0010457201170757965
137	0.0010419820648253021
800	0.0010410475517626785
023	0.0010391785256374313
322	0.0010382440125748077
910	0.0010251608296980776
717	0.0010251608296980776
617	0.0010186192382597124
925	0.001014881186009218
611	0.001014881186009218
817	0.0010111431337587237
326	0.0010111431337587237
951	0.0010092741076334765
723	0.0010092741076334765
700	0.0010083395945708529
712	0.0010064705684456057
365	0.0010017980031324877
710	0.00099712543781937
198	0.0009952564116941227
616	0.0009933873855688755
017	0.0009933873855688755
327	0.000992452872506252
852	0.000987780307193134
425	0.0009765661504416508
191	0.0009756316373790273
523	0.0009728280981911565
623	0.0009700245590032857
141	0.0009690900459406621
516	0.0009616139414396734
753	0.0009569413761265555
419	0.0009550723500013083
422	0.0009503997846881904
350	0.0009447927063124488
155	0.0009391856279367073
190	0.000935447575686213
169	0.0009326440364983422
501	0.0009317095234357186
741	0.000930775010373095
256	0.0009251679319973535
610	0.0009242334189347299
242	0.0009232989058721063
416	0.0009232989058721063
915	0.0009195608536216119
252	0.0009195608536216119
613	0.0009176918274963647
615	0.0009167573144337411
811	0.0009158228013711175
921	0.0009139537752458704
153	0.0009139537752458704
787	0.0009130192621832468
301	0.0009120847491206232
426	0.0009111502360579996
702	0.000910215722995376
138	0.0009083466968701289
816	0.0009036741315570109
015	0.0009027396184943873
330	0.000899001566243893
923	0.000894329000930775
823	0.0008924599748055278
720	0.0008924599748055278
828	0.0008868528964297863
016	0.0008859183833671627
919	0.0008840493572419156
189	0.0008821803311166684
530	0.0008812458180540448
142	0.0008803113049914212
245	0.0008803113049914212
424	0.0008765732527409268
235	0.0008737697135530561
207	0.0008719006874278089
810	0.0008700316613025617
328	0.0008672281221146909
715	0.0008672281221146909
522	0.0008653590959894437
427	0.0008625555568015729
152	0.0008616210437389493
562	0.0008597520176137022
157	0.0008541449392379607
168	0.0008494723739248427
716	0.0008476033477995955
177	0.0008447998086117248
417	0.0008410617563612304
331	0.000837323704110736
614	0.0008363891910481124
918	0.0008363891910481124
637	0.0008354546779854888
621	0.0008345201649228652
914	0.0008317166257349946
233	0.0008317166257349946
018	0.0008289130865471238
929	0.0008233060081713822
514	0.0008195679559208879
920	0.0008176989297956407
208	0.0008176989297956407
622	0.0008176989297956407
183	0.0008167644167330171
561	0.0008120918514198991
334	0.0008111573383572755
922	0.0008102228252946519
722	0.0008102228252946519
429	0.0008092883122320283
517	0.0008064847730441577
901	0.0008055502599815341
192	0.0008055502599815341
821	0.0008046157469189105
527	0.0008036812338562869
329	0.0008036812338562869
304	0.0007905980509795566
167	0.000789663537916933
724	0.000789663537916933
248	0.000789663537916933
204	0.000789663537916933
229	0.0007877945117916858
518	0.0007868599987290622
024	0.0007868599987290622
136	0.0007868599987290622
418	0.00077844938116545
524	0.00077844938116545
625	0.0007756458419775792
624	0.0007709732766644612
928	0.0007681697374765904
815	0.0007681697374765904
503	0.0007663007113513433
602	0.0007644316852260961
526	0.0007634971721634725
069	0.0007616281460382253
618	0.0007616281460382253
531	0.0007606936329756017
814	0.0007597591199129781
519	0.0007588246068503545
927	0.0007588246068503545
731	0.0007578900937877309
154	0.0007569555807251073
404	0.0007560210676624837
725	0.0007560210676624837
822	0.0007550865545998602
140	0.0007504139892867423
428	0.0007504139892867423
747	0.0007494794762241187
188	0.0007485449631614951
917	0.0007466759370362479
019	0.0007420033717231299
239	0.0007410688586605063
302	0.0007401343455978828
650	0.0007401343455978828
181	0.0007391998325352592
237	0.0007382653194726356
430	0.000737330806410012
529	0.0007335927541595176
620	0.0007335927541595176
240	0.0007317237280342704
146	0.0007298547019090232
281	0.0007289201888463997
139	0.0007270511627211526
432	0.0007270511627211526
601	0.000726116649658529
528	0.0007242476235332818
824	0.000721444084345411
719	0.000721444084345411
022	0.000721444084345411
954	0.0007205095712827874
450	0.0007195750582201638
757	0.0007158370059696694
924	0.0007149024929070458
253	0.0007102299275939279
926	0.0007074263884060571
243	0.00070555736228081
989	0.0007036883361555628
171	0.0007027538230929392
197	0.0007027538230929392
236	0.0007027538230929392
306	0.0006971467447171977
730	0.0006915396663414561
405	0.0006906051532788325
269	0.0006906051532788325
820	0.0006887361271535853
509	0.0006878016140909617
825	0.0006868671010283382
559	0.0006812600226525966
407	0.0006793909965273494
628	0.0006784564834647259
230	0.0006775219704021023
195	0.0006775219704021023
160	0.0006765874573394787
401	0.0006765874573394787
728	0.0006756529442768551
726	0.0006700458659011136
158	0.0006672423267132428
729	0.0006663078136506192
696	0.000664438787525372
148	0.0006635042744627484
630	0.0006607007352748777
454	0.0006588317091496305
178	0.0006550936568991361
627	0.0006541591438365125
193	0.0006522901177112654
165	0.0006457485262729003
307	0.0006457485262729003
629	0.0006448140132102767
149	0.0006438795001476531
255	0.0006410759609597823
337	0.0006373379087092879
309	0.0006354688825840407
161	0.0006317308303335464
025	0.0006307963172709228
170	0.0006298618042082992
241	0.000627992778083052
904	0.0006270582650204285
543	0.0006270582650204285
671	0.0006223856997073105
409	0.0006195821605194398
930	0.0006195821605194398
308	0.0006195821605194398
251	0.0006186476474568162
606	0.0006177131343941926
826	0.0006158441082689454
166	0.0006102370298932038
257	0.0006102370298932038
163	0.0006093025168305802
801	0.0006093025168305802
175	0.000607433490705333
990	0.000607433490705333
876	0.000607433490705333
908	0.0006055644645800859
196	0.0006036954384548387
819	0.000600891899266968
174	0.000600891899266968
185	0.000600891899266968
829	0.0005999573862043444
502	0.0005980883600790972
027	0.00059621933395385
830	0.0005952848208912264
244	0.0005906122555781085
173	0.0005868742033276141
172	0.0005840706641397433
275	0.0005840706641397433
956	0.0005840706641397433
031	0.0005831361510771197
238	0.0005747255335135075
827	0.0005737910204508839
445	0.0005737910204508839
765	0.0005728565073882603
184	0.0005700529682003895
164	0.0005635113767620244
289	0.0005569697853236592
267	0.000555100759198412
406	0.0005532317330731649
336	0.0005504281938852942
179	0.0005494936808226706
381	0.0005476246546974234
903	0.0005466901416347998
262	0.0005466901416347998
402	0.0005457556285721762
028	0.0005401485501964347
343	0.0005382795240711875
352	0.0005382795240711875
274	0.0005354759848833167
803	0.0005345414718206931
585	0.0005336069587580695
162	0.0005336069587580695
556	0.0005326724456954459
973	0.0005317379326328223
667	0.0005279998803823279
704	0.0005242618281318337
176	0.0005233273150692101
277	0.0005214582889439629
077	0.0005205237758813393
978	0.0005195892628187157
546	0.0005186547497560921
565	0.0005186547497560921
469	0.0005177202366934685
458	0.0005149166975055977
361	0.0005130476713803506
194	0.0005130476713803506
455	0.0005102441321924798
347	0.0005093096191298562
259	0.0005055715668793618
089	0.0005046370538167382
550	0.0005037025407541146
186	0.0005018335146288674
299	0.0004990299754409968
355	0.0004980954623783732
026	0.0004952919231905024
699	0.0004952919231905024
690	0.0004952919231905024
249	0.0004943574101278788
332	0.0004934228970652552
033	0.0004934228970652552
760	0.000491553870940008
356	0.0004896848448147608
266	0.0004887503317521372
268	0.0004887503317521372
020	0.00048781581868951365
090	0.00048688130562689005
288	0.00048688130562689005
889	0.00048688130562689005
290	0.00048594679256426645
985	0.0004812742272511485
750	0.0004803397141885249
282	0.00047847068806327773
991	0.000475667148875407
993	0.0004737981227501598
351	0.0004728636096875362
506	0.0004719290966249126
285	0.0004719290966249126
287	0.0004672565313117947
703	0.0004663220182491711
403	0.0004644529921239239
706	0.00046071493987342955
099	0.00045978042681080596
507	0.00045884591374818236
863	0.00045791140068555876
278	0.0004569768876229352
265	0.0004560423745603116
440	0.000455107861497688
354	0.00045417334843506443
804	0.00045417334843506443
263	0.00045417334843506443
363	0.0004504352961845701
669	0.0004476317569966993
992	0.0004476317569966993
905	0.0004438937047462049
508	0.0004410901655583342
902	0.000439221139433087
260	0.00043641760024521625
701	0.00043548308718259265
545	0.00043548308718259265
636	0.00043454857411996906
264	0.00043454857411996906
442	0.00043361406105734546
342	0.00043361406105734546
292	0.00043267954799472186
452	0.0004298760088068511
609	0.00042894149574422753
589	0.00042800698268160393
604	0.00042800698268160393
272	0.00042707246961898033
737	0.00042426893043110954
898	0.00042426893043110954
972	0.000423334417368486
279	0.000423334417368486
907	0.0004214653912432388
029	0.000418661852055368
335	0.000418661852055368
344	0.000418661852055368
270	0.0004177273389927444
087	0.0004177273389927444
478	0.0004167928259301209
286	0.0004158583128674973
850	0.0004139892867422501
998	0.0004139892867422501
465	0.0004139892867422501
661	0.0004139892867422501
459	0.0004130547736796265
453	0.0004130547736796265
806	0.0004111857475543793
778	0.00040838220836650856
564	0.00040557866917863777
280	0.00040464415611601417
579	0.00040464415611601417
540	0.0004037096430533906
802	0.0004037096430533906
969	0.00040184061692814343
489	0.00040184061692814343
291	0.00039903707774027264
899	0.0003962335385524019
788	0.0003952990254897783
295	0.0003952990254897783
569	0.0003934299993645311
773	0.0003934299993645311
457	0.0003934299993645311
284	0.0003924954863019075
691	0.0003915609732392839
386	0.0003906264601766603
575	0.0003906264601766603
091	0.0003896919471140368
486	0.0003878229209887896
535	0.0003878229209887896
603	0.0003878229209887896
297	0.0003859538948635424
055	0.0003850193818009188
843	0.00038315035567567166
032	0.00038221584261304806
656	0.00038221584261304806
388	0.00038221584261304806
480	0.00038128132955042446
996	0.00038128132955042446
988	0.00038128132955042446
088	0.00038128132955042446
980	0.00038128132955042446
705	0.00038034681648780087
645	0.00038034681648780087
379	0.00037941230342517727
340	0.00037847779036255367
775	0.00037660876423730653
689	0.00037567425117468294
293	0.00037567425117468294
605	0.00037567425117468294
359	0.00037473973811205934
341	0.00037473973811205934
389	0.00037380522504943574
273	0.00037380522504943574
468	0.00037380522504943574
995	0.00037287071198681214
298	0.00037287071198681214
435	0.00037193619892418855
261	0.00037193619892418855
554	0.00037100168586156495
383	0.0003700671727989414
271	0.0003700671727989414
050	0.0003700671727989414
676	0.0003691326597363178
665	0.0003681981466736942
380	0.0003672636336110706
375	0.0003672636336110706
781	0.0003672636336110706
393	0.0003672636336110706
283	0.0003672636336110706
353	0.0003672636336110706
358	0.0003644600944231998
732	0.0003635255813605763
431	0.0003635255813605763
767	0.0003616565552353291
897	0.0003616565552353291
030	0.0003588530160474583
434	0.0003579185029848347
887	0.00035604947685958756
276	0.00035604947685958756
451	0.00035511496379696397
551	0.00035418045073434037
366	0.00035324593767171677
541	0.0003523114246090932
607	0.0003523114246090932
708	0.000350442398483846
599	0.00034950788542122244
387	0.00034950788542122244
346	0.00034950788542122244
390	0.00034857337235859884
686	0.00034763885929597524
785	0.00034670434623335165
373	0.00034670434623335165
986	0.00034670434623335165
772	0.00034483532010810445
339	0.00034483532010810445
997	0.00034483532010810445
891	0.00034390080704548086
662	0.0003429662939828573
642	0.0003429662939828573
906	0.0003429662939828573
657	0.0003420317809202337
587	0.0003420317809202337
864	0.0003420317809202337
878	0.0003420317809202337
367	0.0003410972678576101
484	0.0003410972678576101
856	0.0003410972678576101
296	0.0003410972678576101
646	0.0003401627547949865
588	0.0003401627547949865
394	0.0003392282417323629
552	0.0003392282417323629
338	0.00033735921560711573
608	0.00033735921560711573
994	0.0003364247025444922
563	0.0003364247025444922
488	0.0003354901894818686
536	0.000334555676419245
770	0.000334555676419245
294	0.0003326866502939978
879	0.0003326866502939978
086	0.0003326866502939978
971	0.0003308176241687506
745	0.00032988311110612706
080	0.00032988311110612706
598	0.00032801408498087987
441	0.0003261450588556327
941	0.0003261450588556327
578	0.0003261450588556327
349	0.0003261450588556327
560	0.0003242760327303855
566	0.0003242760327303855
981	0.00032334151966776194
532	0.00032334151966776194
709	0.00032334151966776194
537	0.00032240700660513834
433	0.00032147249354251475
595	0.00032147249354251475
364	0.00032147249354251475
348	0.00032147249354251475
632	0.00032147249354251475
378	0.00032147249354251475
477	0.00032053798047989115
533	0.00032053798047989115
483	0.00031960346741726755
586	0.00031960346741726755
070	0.00031960346741726755
085	0.00031960346741726755
092	0.00031866895435464396
464	0.00031773444129202036
542	0.00031773444129202036
399	0.0003167999282293968
660	0.0003158654151667732
733	0.0003158654151667732
447	0.0003158654151667732
670	0.0003149309021041496
633	0.0003149309021041496
549	0.0003149309021041496
845	0.0003149309021041496
687	0.000313996389041526
832	0.000313996389041526
544	0.000313996389041526
467	0.00031306187597890243
590	0.00031119284985365523
487	0.00031119284985365523
045	0.00031119284985365523
580	0.0003102583367910317
734	0.0003093238237284081
895	0.0003093238237284081
684	0.0003083893106657845
880	0.0003083893106657845
395	0.0003083893106657845
886	0.0003074547976031609
979	0.0003055857714779137
034	0.0003055857714779137
776	0.0003055857714779137
474	0.0003055857714779137
945	0.0003055857714779137
771	0.0003046512584152901
485	0.0003046512584152901
396	0.0003046512584152901
376	0.0003046512584152901
655	0.0003046512584152901
391	0.0003037167453526665
688	0.0003037167453526665
756	0.0003037167453526665
933	0.0003037167453526665
698	0.0003037167453526665
479	0.0003037167453526665
066	0.00030278223229004297
568	0.00030278223229004297
466	0.00030278223229004297
692	0.0003018477192274194
797	0.0003018477192274194
081	0.0003018477192274194
842	0.0003018477192274194
790	0.0003018477192274194
385	0.0003009132061647958
490	0.0003009132061647958
443	0.0003009132061647958
475	0.0002999786931021722
553	0.0002990441800395486
499	0.0002990441800395486
793	0.000298109666976925
877	0.000298109666976925
693	0.0002971751539143014
807	0.0002971751539143014
460	0.0002971751539143014
892	0.00029624064085167785
931	0.00029624064085167785
949	0.00029437161472643065
044	0.00029343710166380705
974	0.00029250258860118346
577	0.00029250258860118346
392	0.00029250258860118346
848	0.00029156807553855986
652	0.00029156807553855986
054	0.00029156807553855986
083	0.00029063356247593626
883	0.0002887645363506891
494	0.0002887645363506891
875	0.0002887645363506891
631	0.0002887645363506891
975	0.0002887645363506891
858	0.0002887645363506891
735	0.00028783002328806553
798	0.00028689551022544193
936	0.00028689551022544193
742	0.00028689551022544193
881	0.00028689551022544193
362	0.00028689551022544193
939	0.00028596099716281833
534	0.00028596099716281833
677	0.00028596099716281833
584	0.00028596099716281833
557	0.00028596099716281833
950	0.00028409197103757114
755	0.0002831574579749476
053	0.000282222944912324
635	0.0002812884318497004
754	0.0002812884318497004
377	0.0002812884318497004
548	0.0002803539187870768
446	0.0002803539187870768
374	0.0002794194057244532
966	0.000277550379599206
896	0.000277550379599206
882	0.000277550379599206
597	0.000277550379599206
093	0.000277550379599206
769	0.00027661586653658247
573	0.0002756813534739589
694	0.0002747468404113353
492	0.0002747468404113353
371	0.0002738123273487117
368	0.0002738123273487117
051	0.0002738123273487117
679	0.0002738123273487117
854	0.0002738123273487117
937	0.0002738123273487117
884	0.0002728778142860881
593	0.0002728778142860881
547	0.0002728778142860881
675	0.0002728778142860881
558	0.0002728778142860881
833	0.0002728778142860881
668	0.0002728778142860881
893	0.0002719433012234645
784	0.0002719433012234645
955	0.0002719433012234645
596	0.0002719433012234645
799	0.0002710087881608409
782	0.0002710087881608409
774	0.0002710087881608409
462	0.00027007427509821735
448	0.00027007427509821735
437	0.00027007427509821735
868	0.00026913976203559375
061	0.00026913976203559375
040	0.00026913976203559375
894	0.00026913976203559375
582	0.00026913976203559375
056	0.00026913976203559375
397	0.00026820524897297015
984	0.00026820524897297015
780	0.00026820524897297015
084	0.00026727073591034656
977	0.00026727073591034656
078	0.00026727073591034656
959	0.00026727073591034656
592	0.00026633622284772296
574	0.00026633622284772296
982	0.00026633622284772296
653	0.00026540170978509936
976	0.00026540170978509936
583	0.00026540170978509936
651	0.00026540170978509936
576	0.00026446719672247577
885	0.00026446719672247577
867	0.00026446719672247577
932	0.00026446719672247577
740	0.0002635326836598522
473	0.0002635326836598522
052	0.0002635326836598522
471	0.0002635326836598522
495	0.0002625981705972286
072	0.0002625981705972286
944	0.00026166365753460503
449	0.00026166365753460503
869	0.00026166365753460503
844	0.00026166365753460503
382	0.00026072914447198143
538	0.00025979463140935784
041	0.00025979463140935784
870	0.00025979463140935784
957	0.00025979463140935784
664	0.00025979463140935784
370	0.00025792560528411064
965	0.00025792560528411064
940	0.00025699109222148705
663	0.00025699109222148705
983	0.00025699109222148705
779	0.00025699109222148705
634	0.0002560565791588635
643	0.0002560565791588635
482	0.0002560565791588635
697	0.0002560565791588635
970	0.0002551220660962399
461	0.0002541875530336163
640	0.0002532530399709927
759	0.0002532530399709927
096	0.0002523185269083691
037	0.0002523185269083691
847	0.0002523185269083691
384	0.0002523185269083691
095	0.0002513840138457455
042	0.0002504495007831219
639	0.0002495149877204984
860	0.0002485804746578748
857	0.0002485804746578748
952	0.0002485804746578748
855	0.0002476459615952512
476	0.0002476459615952512
491	0.0002476459615952512
766	0.0002476459615952512
874	0.0002476459615952512
943	0.0002476459615952512
752	0.000245776935470004
497	0.000245776935470004
685	0.0002448424224073804
064	0.0002448424224073804
695	0.0002448424224073804
436	0.0002448424224073804
570	0.00024390790934475682
865	0.00024390790934475682
953	0.00024297339628213323
591	0.00024297339628213323
768	0.00024297339628213323
866	0.00024297339628213323
094	0.00024203888321950963
498	0.00024110437015688606
783	0.00024110437015688606
680	0.00024110437015688606
641	0.00024110437015688606
739	0.00024110437015688606
743	0.00024016985709426246
372	0.00024016985709426246
071	0.00023923534403163887
571	0.00023923534403163887
043	0.00023923534403163887
481	0.00023923534403163887
472	0.0002383008309690153
493	0.0002383008309690153
572	0.0002383008309690153
438	0.0002373663179063917
744	0.0002373663179063917
647	0.0002373663179063917
791	0.0002364318048437681
762	0.0002364318048437681
871	0.0002364318048437681
398	0.0002354972917811445
035	0.0002354972917811445
038	0.0002354972917811445
749	0.0002354972917811445
672	0.00023456277871852094
792	0.00023456277871852094
934	0.00023362826565589734
644	0.00023362826565589734
539	0.00023362826565589734
067	0.00023269375259327374
079	0.00023269375259327374
060	0.00023175923953065017
853	0.00023175923953065017
763	0.00023082472646802657
594	0.00022989021340540298
682	0.00022989021340540298
097	0.00022989021340540298
795	0.00022989021340540298
751	0.00022989021340540298
967	0.00022895570034277938
838	0.0002280211872801558
935	0.0002280211872801558
794	0.00022615216115490862
746	0.00022615216115490862
835	0.00022615216115490862
748	0.00022521764809228505
834	0.00022521764809228505
496	0.00022521764809228505
036	0.00022428313502966145
039	0.00022428313502966145
047	0.00022428313502966145
649	0.00022334862196703785
862	0.00022334862196703785
681	0.00022241410890441426
439	0.00022241410890441426
960	0.00022241410890441426
859	0.0002214795958417907
658	0.0002205450827791671
076	0.0002196105697165435
057	0.0002196105697165435
075	0.00021774154359129633
659	0.00021774154359129633
841	0.00021774154359129633
873	0.00021680703052867273
761	0.00021680703052867273
470	0.00021587251746604913
082	0.00021493800440342556
648	0.00021493800440342556
846	0.00021400349134080197
063	0.00021400349134080197
837	0.00021400349134080197
463	0.00021400349134080197
758	0.00021400349134080197
581	0.00021306897827817837
796	0.0002111999521529312
851	0.0002111999521529312
683	0.0002102654390903076
074	0.00020839641296506044
764	0.00020839641296506044
947	0.00020839641296506044
964	0.00020839641296506044
840	0.00020746189990243684
736	0.00020652738683981324
861	0.00020559287377718965
059	0.00020559287377718965
065	0.00020372384765194248
872	0.00020278933458931888
942	0.00020278933458931888
073	0.0002018548215266953
968	0.00020092030846407172
958	0.00019811676927620095
961	0.0001925096909004594
674	0.00019157517783783583
062	0.00019157517783783583
068	0.00018970615171258863
948	0.00018783712558734147
673	0.00018783712558734147
946	0.0001850335863994707
048	0.0001850335863994707
638	0.0001840990733368471
836	0.0001840990733368471
962	0.0001822300472115999
058	0.0001822300472115999
738	0.00018036102108635275
938	0.00017195040352274043
839	0.00016914686433486966
849	0.00016260527289650454
049	0.00016073624677125737
046	0.000156998194520763
